large
0.937
27
111
55 69 76 95 73
4 1 2 1 2
0.283 0.074 0.223 0.173 0.142 0.023 0.082 0.0 0.0 0.0 0.0
0.272 0.097 0.121 0.022 0.115 0.287 0.086 0.0 0.0 0.0 0.0
0.131 0.145 0.147 0.348 0.06 0.047 0.122 0.0 0.0 0.0 0.0
0.024 0.19 0.173 0.212 0.105 0.126 0.17 0.0 0.0 0.0 0.0
0.072 0.18 0.184 0.092 0.128 0.168 0.176 0.0 0.0 0.0 0.0
0.201 0.138 0.158 0.222 0.108 0.004 0.169 0.0 0.0 0.0 0.0
0.351 0.237 0.058 0.004 0.058 0.019 0.273 0.0 0.0 0.0 0.0
0.204 0.071 0.043 0.224 0.126 0.263 0.069 0.0 0.0 0.0 0.0
0.041 0.215 0.241 0.123 0.202 0.05 0.128 0.0 0.0 0.0 0.0
0.256 0.003 0.187 0.188 0.023 0.128 0.215 0.0 0.0 0.0 0.0
0.193 0.054 0.187 0.066 0.203 0.139 0.158 0.0 0.0 0.0 0.0
0.012 0.19 0.199 0.073 0.117 0.088 0.321 0.0 0.0 0.0 0.0
0.165 0.11 0.036 0.092 0.306 0.197 0.094 0.0 0.0 0.0 0.0
0.01 0.226 0.161 0.238 0.217 0.131 0.017 0.0 0.0 0.0 0.0
0.186 0.019 0.116 0.209 0.111 0.158 0.201 0.0 0.0 0.0 0.0
0.201 0.11 0.037 0.192 0.131 0.17 0.159 0.0 0.0 0.0 0.0
0.256 0.089 0.161 0.178 0.078 0.066 0.172 0.0 0.0 0.0 0.0
0.176 0.169 0.054 0.152 0.081 0.263 0.105 0.0 0.0 0.0 0.0
0.095 0.234 0.087 0.023 0.268 0.037 0.256 0.0 0.0 0.0 0.0
0.128 0.143 0.141 0.111 0.248 0.211 0.018 0.0 0.0 0.0 0.0
0.124 0.207 0.167 0.134 0.031 0.156 0.181 0.0 0.0 0.0 0.0
0.255 0.177 0.053 0.27 0.048 0.035 0.162 0.0 0.0 0.0 0.0
0.175 0.216 0.188 0.043 0.289 0.077 0.012 0.0 0.0 0.0 0.0
0.177 0.214 0.115 0.155 0.049 0.213 0.077 0.0 0.0 0.0 0.0
0.015 0.057 0.042 0.245 0.19 0.196 0.255 0.0 0.0 0.0 0.0
0.171 0.061 0.091 0.168 0.301 0.027 0.181 0.0 0.0 0.0 0.0
0.201 0.107 0.228 0.112 0.182 0.154 0.016 0.0 0.0 0.0 0.0
0.033 0.129 0.118 0.073 0.235 0.293 0.119 0.0 0.0 0.0 0.0
0.178 0.115 0.08 0.191 0.106 0.178 0.152 0.0 0.0 0.0 0.0
0.098 0.109 0.222 0.131 0.237 0.164 0.039 0.0 0.0 0.0 0.0
0.066 0.179 0.051 0.042 0.12 0.344 0.198 0.0 0.0 0.0 0.0
0.359 0.121 0.077 0.356 0.023 0.024 0.04 0.0 0.0 0.0 0.0
0.148 0.109 0.004 0.073 0.32 0.215 0.131 0.0 0.0 0.0 0.0
0.079 0.288 0.089 0.037 0.083 0.286 0.138 0.0 0.0 0.0 0.0
0.044 0.064 0.254 0.051 0.089 0.234 0.264 0.0 0.0 0.0 0.0
0.209 0.074 0.043 0.068 0.185 0.34 0.081 0.0 0.0 0.0 0.0
0.122 0.029 0.319 0.098 0.266 0.14 0.026 0.0 0.0 0.0 0.0
0.246 0.019 0.207 0.093 0.159 0.038 0.238 0.0 0.0 0.0 0.0
0.153 0.073 0.029 0.264 0.173 0.242 0.066 0.0 0.0 0.0 0.0
0.142 0.164 0.026 0.205 0.094 0.203 0.166 0.0 0.0 0.0 0.0
0.131 0.17 0.213 0.081 0.11 0.085 0.21 0.0 0.0 0.0 0.0
0.189 0.187 0.094 0.001 0.15 0.228 0.151 0.0 0.0 0.0 0.0
0.111 0.325 0.154 0.068 0.016 0.008 0.318 0.0 0.0 0.0 0.0
0.039 0.162 0.142 0.115 0.216 0.25 0.076 0.0 0.0 0.0 0.0
0.048 0.246 0.075 0.249 0.073 0.061 0.248 0.0 0.0 0.0 0.0
0.087 0.075 0.152 0.184 0.17 0.241 0.091 0.0 0.0 0.0 0.0
0.023 0.225 0.158 0.102 0.183 0.147 0.162 0.0 0.0 0.0 0.0
0.207 0.081 0.142 0.103 0.229 0.209 0.029 0.0 0.0 0.0 0.0
0.197 0.046 0.171 0.146 0.183 0.217 0.04 0.0 0.0 0.0 0.0
0.094 0.039 0.186 0.12 0.239 0.155 0.167 0.0 0.0 0.0 0.0
0.149 0.084 0.083 0.18 0.208 0.17 0.126 0.0 0.0 0.0 0.0
0.013 0.204 0.133 0.054 0.199 0.131 0.266 0.0 0.0 0.0 0.0
0.143 0.16 0.12 0.259 0.115 0.2 0.003 0.0 0.0 0.0 0.0
0.318 0.037 0.157 0.089 0.135 0.146 0.118 0.0 0.0 0.0 0.0
0.09 0.183 0.167 0.146 0.18 0.117 0.117 0.0 0.0 0.0 0.0
