large
0.931
23
115
64 70 95 90 55
1 2 2 1 1
0.074 0.13 0.19 0.03 0.22 0.31 0.046 0.0 0.0 0.0 0.0
0.025 0.213 0.121 0.19 0.175 0.231 0.045 0.0 0.0 0.0 0.0
0.242 0.056 0.122 0.192 0.174 0.203 0.011 0.0 0.0 0.0 0.0
0.124 0.017 0.186 0.068 0.197 0.254 0.154 0.0 0.0 0.0 0.0
0.054 0.061 0.214 0.259 0.261 0.14 0.011 0.0 0.0 0.0 0.0
0.147 0.092 0.18 0.177 0.185 0.139 0.08 0.0 0.0 0.0 0.0
0.117 0.169 0.148 0.13 0.15 0.129 0.157 0.0 0.0 0.0 0.0
0.249 0.231 0.021 0.064 0.156 0.05 0.229 0.0 0.0 0.0 0.0
0.207 0.188 0.067 0.046 0.189 0.192 0.111 0.0 0.0 0.0 0.0
0.234 0.286 0.157 0.219 0.01 0.031 0.063 0.0 0.0 0.0 0.0
0.088 0.226 0.0 0.132 0.217 0.225 0.112 0.0 0.0 0.0 0.0
0.112 0.177 0.104 0.125 0.144 0.161 0.177 0.0 0.0 0.0 0.0
0.193 0.099 0.054 0.228 0.101 0.232 0.093 0.0 0.0 0.0 0.0
0.056 0.021 0.083 0.11 0.165 0.495 0.07 0.0 0.0 0.0 0.0
0.202 0.173 0.179 0.133 0.134 0.099 0.08 0.0 0.0 0.0 0.0
0.139 0.157 0.079 0.193 0.071 0.228 0.133 0.0 0.0 0.0 0.0
0.083 0.222 0.253 0.028 0.077 0.124 0.213 0.0 0.0 0.0 0.0
0.347 0.037 0.003 0.075 0.106 0.401 0.031 0.0 0.0 0.0 0.0
0.233 0.073 0.143 0.109 0.107 0.062 0.273 0.0 0.0 0.0 0.0
0.17 0.157 0.087 0.163 0.172 0.153 0.098 0.0 0.0 0.0 0.0
0.108 0.15 0.001 0.17 0.263 0.024 0.284 0.0 0.0 0.0 0.0
0.045 0.226 0.335 0.001 0.217 0.109 0.067 0.0 0.0 0.0 0.0
0.195 0.196 0.205 0.097 0.145 0.084 0.078 0.0 0.0 0.0 0.0
0.026 0.193 0.17 0.186 0.134 0.108 0.183 0.0 0.0 0.0 0.0
0.077 0.291 0.101 0.103 0.091 0.157 0.18 0.0 0.0 0.0 0.0
0.174 0.028 0.167 0.099 0.207 0.133 0.192 0.0 0.0 0.0 0.0
0.221 0.168 0.143 0.179 0.061 0.136 0.092 0.0 0.0 0.0 0.0
0.225 0.141 0.119 0.107 0.185 0.156 0.067 0.0 0.0 0.0 0.0
0.088 0.15 0.211 0.168 0.101 0.189 0.093 0.0 0.0 0.0 0.0
0.179 0.174 0.213 0.183 0.054 0.005 0.192 0.0 0.0 0.0 0.0
0.101 0.314 0.056 0.282 0.007 0.197 0.043 0.0 0.0 0.0 0.0
0.132 0.129 0.195 0.157 0.149 0.079 0.159 0.0 0.0 0.0 0.0
0.193 0.166 0.148 0.178 0.149 0.024 0.142 0.0 0.0 0.0 0.0
0.069 0.198 0.191 0.111 0.205 0.047 0.179 0.0 0.0 0.0 0.0
0.053 0.211 0.127 0.21 0.048 0.19 0.161 0.0 0.0 0.0 0.0
0.185 0.165 0.122 0.082 0.185 0.093 0.168 0.0 0.0 0.0 0.0
0.03 0.061 0.239 0.227 0.13 0.116 0.197 0.0 0.0 0.0 0.0
0.055 0.057 0.29 0.2 0.26 0.06 0.078 0.0 0.0 0.0 0.0
0.13 0.056 0.158 0.235 0.056 0.219 0.146 0.0 0.0 0.0 0.0
0.001 0.183 0.198 0.11 0.16 0.224 0.124 0.0 0.0 0.0 0.0
0.179 0.093 0.131 0.209 0.199 0.084 0.105 0.0 0.0 0.0 0.0
0.156 0.113 0.093 0.21 0.199 0.041 0.188 0.0 0.0 0.0 0.0
0.218 0.181 0.209 0.211 0.088 0.045 0.048 0.0 0.0 0.0 0.0
0.354 0.204 0.172 0.077 0.094 0.017 0.082 0.0 0.0 0.0 0.0
0.2 0.168 0.138 0.008 0.159 0.176 0.151 0.0 0.0 0.0 0.0
0.253 0.189 0.059 0.04 0.037 0.189 0.233 0.0 0.0 0.0 0.0
0.222 0.05 0.234 0.138 0.121 0.046 0.189 0.0 0.0 0.0 0.0
0.251 0.075 0.029 0.029 0.173 0.182 0.261 0.0 0.0 0.0 0.0
0.012 0.137 0.122 0.239 0.157 0.154 0.179 0.0 0.0 0.0 0.0
0.04 0.207 0.084 0.062 0.162 0.171 0.274 0.0 0.0 0.0 0.0
0.122 0.196 0.157 0.221 0.018 0.133 0.153 0.0 0.0 0.0 0.0
0.256 0.41 0.148 0.116 0.016 0.02 0.034 0.0 0.0 0.0 0.0
0.228 0.092 0.064 0.122 0.298 0.161 0.035 0.0 0.0 0.0 0.0
0.11 0.169 0.135 0.151 0.073 0.148 0.214 0.0 0.0 0.0 0.0
0.187 0.093 0.072 0.177 0.124 0.163 0.184 0.0 0.0 0.0 0.0
