medium
0.994
18
110
87 63 50
4 1 1
0.238 0.184 0.111 0.093 0.098 0.276 0.0 0.0 0.0
0.18 0.286 0.125 0.216 0.028 0.165 0.0 0.0 0.0
0.12 0.082 0.014 0.169 0.459 0.156 0.0 0.0 0.0
0.32 0.207 0.132 0.255 0.036 0.05 0.0 0.0 0.0
0.115 0.241 0.123 0.079 0.222 0.22 0.0 0.0 0.0
0.148 0.137 0.267 0.074 0.029 0.345 0.0 0.0 0.0
0.22 0.191 0.263 0.235 0.037 0.054 0.0 0.0 0.0
0.074 0.016 0.316 0.35 0.048 0.196 0.0 0.0 0.0
0.153 0.029 0.217 0.208 0.232 0.161 0.0 0.0 0.0
0.176 0.334 0.002 0.027 0.182 0.279 0.0 0.0 0.0
0.019 0.419 0.016 0.208 0.157 0.181 0.0 0.0 0.0
0.078 0.136 0.255 0.334 0.176 0.021 0.0 0.0 0.0
0.122 0.311 0.246 0.06 0.163 0.098 0.0 0.0 0.0
0.18 0.207 0.236 0.094 0.095 0.188 0.0 0.0 0.0
0.047 0.103 0.134 0.063 0.325 0.328 0.0 0.0 0.0
0.158 0.148 0.19 0.141 0.141 0.222 0.0 0.0 0.0
0.151 0.147 0.205 0.189 0.133 0.175 0.0 0.0 0.0
0.234 0.213 0.072 0.04 0.276 0.165 0.0 0.0 0.0
0.142 0.22 0.199 0.015 0.165 0.259 0.0 0.0 0.0
0.189 0.165 0.201 0.199 0.209 0.037 0.0 0.0 0.0
0.284 0.111 0.141 0.13 0.053 0.281 0.0 0.0 0.0
0.253 0.094 0.062 0.245 0.198 0.148 0.0 0.0 0.0
0.139 0.247 0.201 0.128 0.245 0.04 0.0 0.0 0.0
0.053 0.185 0.267 0.138 0.129 0.228 0.0 0.0 0.0
0.244 0.121 0.132 0.154 0.252 0.097 0.0 0.0 0.0
0.162 0.175 0.078 0.246 0.253 0.086 0.0 0.0 0.0
0.247 0.279 0.177 0.109 0.142 0.046 0.0 0.0 0.0
