medium
0.992
20
116
83 64 62
2 5 1
0.163 0.192 0.185 0.133 0.109 0.218 0.0 0.0 0.0
0.255 0.242 0.257 0.066 0.013 0.167 0.0 0.0 0.0
0.273 0.041 0.265 0.052 0.361 0.008 0.0 0.0 0.0
0.388 0.086 0.125 0.207 0.063 0.131 0.0 0.0 0.0
0.094 0.259 0.137 0.185 0.165 0.16 0.0 0.0 0.0
0.108 0.306 0.044 0.089 0.297 0.156 0.0 0.0 0.0
0.283 0.162 0.17 0.035 0.293 0.057 0.0 0.0 0.0
0.082 0.196 0.264 0.002 0.235 0.221 0.0 0.0 0.0
0.183 0.174 0.024 0.246 0.113 0.26 0.0 0.0 0.0
0.234 0.218 0.045 0.205 0.184 0.114 0.0 0.0 0.0
0.132 0.204 0.158 0.086 0.095 0.325 0.0 0.0 0.0
0.26 0.1 0.249 0.049 0.21 0.132 0.0 0.0 0.0
0.202 0.009 0.152 0.333 0.028 0.276 0.0 0.0 0.0
0.081 0.071 0.134 0.29 0.206 0.218 0.0 0.0 0.0
0.137 0.261 0.257 0.122 0.087 0.136 0.0 0.0 0.0
0.14 0.21 0.144 0.195 0.141 0.17 0.0 0.0 0.0
0.33 0.2 0.098 0.161 0.144 0.067 0.0 0.0 0.0
0.078 0.142 0.184 0.174 0.122 0.3 0.0 0.0 0.0
0.12 0.18 0.247 0.065 0.311 0.077 0.0 0.0 0.0
0.16 0.204 0.228 0.177 0.174 0.057 0.0 0.0 0.0
0.125 0.03 0.303 0.094 0.252 0.196 0.0 0.0 0.0
0.329 0.083 0.24 0.262 0.04 0.046 0.0 0.0 0.0
0.199 0.139 0.193 0.131 0.241 0.097 0.0 0.0 0.0
0.151 0.131 0.218 0.053 0.173 0.274 0.0 0.0 0.0
0.079 0.009 0.159 0.283 0.231 0.239 0.0 0.0 0.0
0.337 0.127 0.085 0.151 0.296 0.004 0.0 0.0 0.0
0.144 0.139 0.209 0.156 0.192 0.16 0.0 0.0 0.0
