medium
0.96
23
110
66 59 99
2 2 4
0.216 0.065 0.072 0.139 0.262 0.246 0.0 0.0 0.0
0.285 0.103 0.143 0.088 0.284 0.097 0.0 0.0 0.0
0.045 0.177 0.235 0.211 0.107 0.225 0.0 0.0 0.0
0.077 0.116 0.17 0.108 0.077 0.452 0.0 0.0 0.0
0.063 0.191 0.312 0.185 0.241 0.008 0.0 0.0 0.0
0.115 0.157 0.236 0.101 0.16 0.231 0.0 0.0 0.0
0.159 0.025 0.263 0.216 0.114 0.223 0.0 0.0 0.0
0.046 0.101 0.253 0.198 0.231 0.171 0.0 0.0 0.0
0.181 0.063 0.234 0.073 0.267 0.182 0.0 0.0 0.0
0.207 0.144 0.102 0.16 0.203 0.184 0.0 0.0 0.0
0.115 0.349 0.124 0.096 0.078 0.238 0.0 0.0 0.0
0.013 0.239 0.101 0.139 0.24 0.268 0.0 0.0 0.0
0.244 0.254 0.232 0.203 0.062 0.005 0.0 0.0 0.0
0.174 0.206 0.185 0.12 0.312 0.003 0.0 0.0 0.0
0.13 0.086 0.237 0.137 0.191 0.219 0.0 0.0 0.0
0.205 0.159 0.04 0.013 0.354 0.229 0.0 0.0 0.0
0.221 0.228 0.155 0.122 0.149 0.125 0.0 0.0 0.0
0.242 0.153 0.19 0.033 0.206 0.176 0.0 0.0 0.0
0.187 0.002 0.102 0.279 0.27 0.16 0.0 0.0 0.0
0.127 0.155 0.144 0.219 0.25 0.105 0.0 0.0 0.0
0.098 0.118 0.286 0.158 0.081 0.259 0.0 0.0 0.0
0.238 0.067 0.258 0.015 0.178 0.244 0.0 0.0 0.0
0.161 0.324 0.313 0.065 0.118 0.019 0.0 0.0 0.0
0.214 0.087 0.052 0.002 0.198 0.447 0.0 0.0 0.0
0.175 0.073 0.216 0.237 0.282 0.017 0.0 0.0 0.0
0.204 0.123 0.229 0.277 0.031 0.136 0.0 0.0 0.0
0.179 0.221 0.167 0.028 0.283 0.122 0.0 0.0 0.0
