mega
0.985
28
96
58 50 72 93 67 92 95
2 3 2 1 3 7 1
0.069 0.016 0.149 0.119 0.093 0.163 0.122 0.157 0.112 0.0 0.0 0.0 0.0 0.0 0.0 0.0 0.0 0.0 0.0 0.0 0.0
0.101 0.032 0.048 0.059 0.103 0.175 0.174 0.177 0.131 0.0 0.0 0.0 0.0 0.0 0.0 0.0 0.0 0.0 0.0 0.0 0.0
0.029 0.154 0.078 0.182 0.025 0.147 0.199 0.1 0.086 0.0 0.0 0.0 0.0 0.0 0.0 0.0 0.0 0.0 0.0 0.0 0.0
0.05 0.045 0.149 0.264 0.019 0.142 0.16 0.09 0.081 0.0 0.0 0.0 0.0 0.0 0.0 0.0 0.0 0.0 0.0 0.0 0.0
0.032 0.132 0.024 0.222 0.074 0.124 0.147 0.23 0.015 0.0 0.0 0.0 0.0 0.0 0.0 0.0 0.0 0.0 0.0 0.0 0.0
0.176 0.078 0.011 0.107 0.048 0.176 0.179 0.076 0.149 0.0 0.0 0.0 0.0 0.0 0.0 0.0 0.0 0.0 0.0 0.0 0.0
0.043 0.199 0.047 0.079 0.103 0.086 0.27 0.011 0.162 0.0 0.0 0.0 0.0 0.0 0.0 0.0 0.0 0.0 0.0 0.0 0.0
0.007 0.051 0.009 0.213 0.201 0.231 0.03 0.132 0.126 0.0 0.0 0.0 0.0 0.0 0.0 0.0 0.0 0.0 0.0 0.0 0.0
0.108 0.133 0.135 0.027 0.099 0.157 0.084 0.092 0.165 0.0 0.0 0.0 0.0 0.0 0.0 0.0 0.0 0.0 0.0 0.0 0.0
0.148 0.186 0.1 0.076 0.184 0.0 0.093 0.15 0.063 0.0 0.0 0.0 0.0 0.0 0.0 0.0 0.0 0.0 0.0 0.0 0.0
0.106 0.072 0.04 0.14 0.164 0.159 0.1 0.023 0.196 0.0 0.0 0.0 0.0 0.0 0.0 0.0 0.0 0.0 0.0 0.0 0.0
0.024 0.057 0.085 0.087 0.24 0.176 0.045 0.151 0.135 0.0 0.0 0.0 0.0 0.0 0.0 0.0 0.0 0.0 0.0 0.0 0.0
0.151 0.172 0.12 0.196 0.107 0.022 0.025 0.149 0.058 0.0 0.0 0.0 0.0 0.0 0.0 0.0 0.0 0.0 0.0 0.0 0.0
0.042 0.182 0.124 0.094 0.078 0.103 0.089 0.194 0.094 0.0 0.0 0.0 0.0 0.0 0.0 0.0 0.0 0.0 0.0 0.0 0.0
0.152 0.124 0.015 0.182 0.17 0.028 0.011 0.221 0.097 0.0 0.0 0.0 0.0 0.0 0.0 0.0 0.0 0.0 0.0 0.0 0.0
0.067 0.078 0.05 0.182 0.17 0.099 0.101 0.133 0.12 0.0 0.0 0.0 0.0 0.0 0.0 0.0 0.0 0.0 0.0 0.0 0.0
0.047 0.129 0.173 0.037 0.143 0.12 0.13 0.133 0.088 0.0 0.0 0.0 0.0 0.0 0.0 0.0 0.0 0.0 0.0 0.0 0.0
0.152 0.005 0.157 0.133 0.084 0.149 0.121 0.087 0.112 0.0 0.0 0.0 0.0 0.0 0.0 0.0 0.0 0.0 0.0 0.0 0.0
0.003 0.101 0.26 0.304 0.014 0.126 0.066 0.064 0.062 0.0 0.0 0.0 0.0 0.0 0.0 0.0 0.0 0.0 0.0 0.0 0.0
0.054 0.148 0.105 0.152 0.103 0.033 0.125 0.145 0.135 0.0 0.0 0.0 0.0 0.0 0.0 0.0 0.0 0.0 0.0 0.0 0.0
0.06 0.224 0.013 0.116 0.025 0.037 0.234 0.224 0.067 0.0 0.0 0.0 0.0 0.0 0.0 0.0 0.0 0.0 0.0 0.0 0.0
0.151 0.009 0.05 0.234 0.199 0.041 0.087 0.16 0.069 0.0 0.0 0.0 0.0 0.0 0.0 0.0 0.0 0.0 0.0 0.0 0.0
0.017 0.095 0.169 0.168 0.059 0.033 0.141 0.161 0.157 0.0 0.0 0.0 0.0 0.0 0.0 0.0 0.0 0.0 0.0 0.0 0.0
0.104 0.18 0.184 0.129 0.058 0.18 0.095 0.055 0.015 0.0 0.0 0.0 0.0 0.0 0.0 0.0 0.0 0.0 0.0 0.0 0.0
0.171 0.045 0.112 0.156 0.14 0.071 0.2 0.084 0.021 0.0 0.0 0.0 0.0 0.0 0.0 0.0 0.0 0.0 0.0 0.0 0.0
0.005 0.203 0.013 0.035 0.153 0.181 0.139 0.119 0.152 0.0 0.0 0.0 0.0 0.0 0.0 0.0 0.0 0.0 0.0 0.0 0.0
0.126 0.057 0.125 0.111 0.137 0.01 0.043 0.126 0.265 0.0 0.0 0.0 0.0 0.0 0.0 0.0 0.0 0.0 0.0 0.0 0.0
0.026 0.168 0.076 0.104 0.141 0.132 0.113 0.157 0.083 0.0 0.0 0.0 0.0 0.0 0.0 0.0 0.0 0.0 0.0 0.0 0.0
0.019 0.006 0.148 0.191 0.178 0.063 0.184 0.155 0.056 0.0 0.0 0.0 0.0 0.0 0.0 0.0 0.0 0.0 0.0 0.0 0.0
0.063 0.137 0.06 0.186 0.011 0.045 0.226 0.2 0.072 0.0 0.0 0.0 0.0 0.0 0.0 0.0 0.0 0.0 0.0 0.0 0.0
0.066 0.077 0.187 0.036 0.123 0.145 0.091 0.115 0.16 0.0 0.0 0.0 0.0 0.0 0.0 0.0 0.0 0.0 0.0 0.0 0.0
0.314 0.051 0.038 0.048 0.157 0.044 0.094 0.059 0.195 0.0 0.0 0.0 0.0 0.0 0.0 0.0 0.0 0.0 0.0 0.0 0.0
0.1 0.19 0.112 0.012 0.126 0.098 0.146 0.146 0.07 0.0 0.0 0.0 0.0 0.0 0.0 0.0 0.0 0.0 0.0 0.0 0.0
0.033 0.079 0.166 0.137 0.198 0.138 0.175 0.029 0.045 0.0 0.0 0.0 0.0 0.0 0.0 0.0 0.0 0.0 0.0 0.0 0.0
0.132 0.138 0.103 0.074 0.139 0.083 0.131 0.13 0.07 0.0 0.0 0.0 0.0 0.0 0.0 0.0 0.0 0.0 0.0 0.0 0.0
0.186 0.161 0.224 0.004 0.07 0.084 0.07 0.103 0.098 0.0 0.0 0.0 0.0 0.0 0.0 0.0 0.0 0.0 0.0 0.0 0.0
0.112 0.077 0.075 0.234 0.017 0.037 0.224 0.149 0.075 0.0 0.0 0.0 0.0 0.0 0.0 0.0 0.0 0.0 0.0 0.0 0.0
0.184 0.12 0.195 0.209 0.161 0.001 0.101 0.003 0.026 0.0 0.0 0.0 0.0 0.0 0.0 0.0 0.0 0.0 0.0 0.0 0.0
0.049 0.17 0.089 0.123 0.025 0.093 0.133 0.143 0.175 0.0 0.0 0.0 0.0 0.0 0.0 0.0 0.0 0.0 0.0 0.0 0.0
0.122 0.032 0.143 0.114 0.146 0.123 0.179 0.099 0.042 0.0 0.0 0.0 0.0 0.0 0.0 0.0 0.0 0.0 0.0 0.0 0.0
0.142 0.094 0.025 0.163 0.139 0.115 0.206 0.052 0.064 0.0 0.0 0.0 0.0 0.0 0.0 0.0 0.0 0.0 0.0 0.0 0.0
0.098 0.011 0.143 0.08 0.057 0.098 0.193 0.085 0.235 0.0 0.0 0.0 0.0 0.0 0.0 0.0 0.0 0.0 0.0 0.0 0.0
0.091 0.154 0.126 0.044 0.038 0.156 0.149 0.095 0.147 0.0 0.0 0.0 0.0 0.0 0.0 0.0 0.0 0.0 0.0 0.0 0.0
0.166 0.117 0.151 0.093 0.168 0.187 0.004 0.069 0.045 0.0 0.0 0.0 0.0 0.0 0.0 0.0 0.0 0.0 0.0 0.0 0.0
0.109 0.064 0.148 0.009 0.152 0.086 0.123 0.145 0.164 0.0 0.0 0.0 0.0 0.0 0.0 0.0 0.0 0.0 0.0 0.0 0.0
0.073 0.183 0.025 0.077 0.203 0.173 0.014 0.016 0.236 0.0 0.0 0.0 0.0 0.0 0.0 0.0 0.0 0.0 0.0 0.0 0.0
0.158 0.045 0.12 0.051 0.175 0.265 0.006 0.034 0.146 0.0 0.0 0.0 0.0 0.0 0.0 0.0 0.0 0.0 0.0 0.0 0.0
0.039 0.144 0.329 0.117 0.159 0.092 0.029 0.0 0.091 0.0 0.0 0.0 0.0 0.0 0.0 0.0 0.0 0.0 0.0 0.0 0.0
0.063 0.0 0.145 0.183 0.146 0.121 0.171 0.045 0.126 0.0 0.0 0.0 0.0 0.0 0.0 0.0 0.0 0.0 0.0 0.0 0.0
0.034 0.038 0.054 0.195 0.221 0.118 0.084 0.049 0.207 0.0 0.0 0.0 0.0 0.0 0.0 0.0 0.0 0.0 0.0 0.0 0.0
0.243 0.087 0.125 0.003 0.285 0.147 0.011 0.003 0.096 0.0 0.0 0.0 0.0 0.0 0.0 0.0 0.0 0.0 0.0 0.0 0.0
0.192 0.229 0.161 0.019 0.008 0.118 0.099 0.04 0.134 0.0 0.0 0.0 0.0 0.0 0.0 0.0 0.0 0.0 0.0 0.0 0.0
0.116 0.04 0.131 0.076 0.036 0.262 0.045 0.233 0.061 0.0 0.0 0.0 0.0 0.0 0.0 0.0 0.0 0.0 0.0 0.0 0.0
0.055 0.164 0.196 0.09 0.272 0.079 0.096 0.018 0.03 0.0 0.0 0.0 0.0 0.0 0.0 0.0 0.0 0.0 0.0 0.0 0.0
0.152 0.114 0.08 0.008 0.068 0.161 0.132 0.128 0.157 0.0 0.0 0.0 0.0 0.0 0.0 0.0 0.0 0.0 0.0 0.0 0.0
0.125 0.169 0.104 0.095 0.128 0.074 0.035 0.099 0.171 0.0 0.0 0.0 0.0 0.0 0.0 0.0 0.0 0.0 0.0 0.0 0.0
0.16 0.076 0.162 0.054 0.064 0.127 0.146 0.104 0.107 0.0 0.0 0.0 0.0 0.0 0.0 0.0 0.0 0.0 0.0 0.0 0.0
0.211 0.017 0.038 0.154 0.004 0.113 0.094 0.191 0.178 0.0 0.0 0.0 0.0 0.0 0.0 0.0 0.0 0.0 0.0 0.0 0.0
0.1 0.151 0.068 0.105 0.134 0.139 0.081 0.108 0.114 0.0 0.0 0.0 0.0 0.0 0.0 0.0 0.0 0.0 0.0 0.0 0.0
0.087 0.238 0.019 0.012 0.072 0.291 0.084 0.025 0.172 0.0 0.0 0.0 0.0 0.0 0.0 0.0 0.0 0.0 0.0 0.0 0.0
0.073 0.036 0.127 0.1 0.088 0.017 0.186 0.199 0.174 0.0 0.0 0.0 0.0 0.0 0.0 0.0 0.0 0.0 0.0 0.0 0.0
0.152 0.103 0.115 0.03 0.07 0.169 0.148 0.179 0.034 0.0 0.0 0.0 0.0 0.0 0.0 0.0 0.0 0.0 0.0 0.0 0.0
0.059 0.202 0.045 0.159 0.136 0.092 0.062 0.038 0.207 0.0 0.0 0.0 0.0 0.0 0.0 0.0 0.0 0.0 0.0 0.0 0.0
0.14 0.135 0.062 0.072 0.019 0.184 0.199 0.144 0.045 0.0 0.0 0.0 0.0 0.0 0.0 0.0 0.0 0.0 0.0 0.0 0.0
0.031 0.183 0.094 0.14 0.035 0.013 0.229 0.14 0.135 0.0 0.0 0.0 0.0 0.0 0.0 0.0 0.0 0.0 0.0 0.0 0.0
0.177 0.165 0.123 0.064 0.052 0.002 0.227 0.079 0.111 0.0 0.0 0.0 0.0 0.0 0.0 0.0 0.0 0.0 0.0 0.0 0.0
0.09 0.108 0.111 0.189 0.018 0.22 0.112 0.047 0.105 0.0 0.0 0.0 0.0 0.0 0.0 0.0 0.0 0.0 0.0 0.0 0.0
0.108 0.187 0.173 0.093 0.003 0.16 0.084 0.095 0.097 0.0 0.0 0.0 0.0 0.0 0.0 0.0 0.0 0.0 0.0 0.0 0.0
0.066 0.158 0.095 0.062 0.019 0.212 0.051 0.176 0.161 0.0 0.0 0.0 0.0 0.0 0.0 0.0 0.0 0.0 0.0 0.0 0.0
0.119 0.108 0.152 0.048 0.107 0.186 0.049 0.177 0.054 0.0 0.0 0.0 0.0 0.0 0.0 0.0 0.0 0.0 0.0 0.0 0.0
0.233 0.094 0.206 0.058 0.045 0.063 0.069 0.23 0.002 0.0 0.0 0.0 0.0 0.0 0.0 0.0 0.0 0.0 0.0 0.0 0.0
0.025 0.132 0.093 0.223 0.158 0.164 0.042 0.137 0.026 0.0 0.0 0.0 0.0 0.0 0.0 0.0 0.0 0.0 0.0 0.0 0.0
0.203 0.008 0.212 0.036 0.022 0.143 0.069 0.17 0.137 0.0 0.0 0.0 0.0 0.0 0.0 0.0 0.0 0.0 0.0 0.0 0.0
0.159 0.182 0.08 0.092 0.128 0.042 0.063 0.182 0.072 0.0 0.0 0.0 0.0 0.0 0.0 0.0 0.0 0.0 0.0 0.0 0.0
0.015 0.125 0.11 0.047 0.107 0.157 0.009 0.165 0.265 0.0 0.0 0.0 0.0 0.0 0.0 0.0 0.0 0.0 0.0 0.0 0.0
0.18 0.181 0.074 0.128 0.114 0.106 0.195 0.004 0.018 0.0 0.0 0.0 0.0 0.0 0.0 0.0 0.0 0.0 0.0 0.0 0.0
0.173 0.039 0.032 0.282 0.294 0.062 0.033 0.007 0.078 0.0 0.0 0.0 0.0 0.0 0.0 0.0 0.0 0.0 0.0 0.0 0.0
0.093 0.017 0.156 0.066 0.123 0.161 0.182 0.071 0.131 0.0 0.0 0.0 0.0 0.0 0.0 0.0 0.0 0.0 0.0 0.0 0.0
0.094 0.114 0.192 0.163 0.097 0.027 0.164 0.109 0.04 0.0 0.0 0.0 0.0 0.0 0.0 0.0 0.0 0.0 0.0 0.0 0.0
0.195 0.129 0.028 0.166 0.137 0.143 0.033 0.139 0.03 0.0 0.0 0.0 0.0 0.0 0.0 0.0 0.0 0.0 0.0 0.0 0.0
0.101 0.151 0.179 0.127 0.003 0.098 0.058 0.155 0.128 0.0 0.0 0.0 0.0 0.0 0.0 0.0 0.0 0.0 0.0 0.0 0.0
0.09 0.08 0.209 0.031 0.009 0.099 0.078 0.194 0.21 0.0 0.0 0.0 0.0 0.0 0.0 0.0 0.0 0.0 0.0 0.0 0.0
0.079 0.143 0.136 0.054 0.024 0.083 0.232 0.223 0.026 0.0 0.0 0.0 0.0 0.0 0.0 0.0 0.0 0.0 0.0 0.0 0.0
0.202 0.237 0.009 0.081 0.051 0.06 0.236 0.049 0.075 0.0 0.0 0.0 0.0 0.0 0.0 0.0 0.0 0.0 0.0 0.0 0.0
0.166 0.047 0.156 0.27 0.108 0.052 0.065 0.089 0.047 0.0 0.0 0.0 0.0 0.0 0.0 0.0 0.0 0.0 0.0 0.0 0.0
0.109 0.085 0.051 0.165 0.142 0.062 0.039 0.179 0.168 0.0 0.0 0.0 0.0 0.0 0.0 0.0 0.0 0.0 0.0 0.0 0.0
0.056 0.151 0.15 0.206 0.079 0.148 0.133 0.073 0.004 0.0 0.0 0.0 0.0 0.0 0.0 0.0 0.0 0.0 0.0 0.0 0.0
0.222 0.189 0.034 0.036 0.042 0.083 0.133 0.181 0.08 0.0 0.0 0.0 0.0 0.0 0.0 0.0 0.0 0.0 0.0 0.0 0.0
0.021 0.138 0.074 0.203 0.016 0.159 0.078 0.114 0.197 0.0 0.0 0.0 0.0 0.0 0.0 0.0 0.0 0.0 0.0 0.0 0.0
0.175 0.109 0.138 0.153 0.053 0.158 0.037 0.064 0.113 0.0 0.0 0.0 0.0 0.0 0.0 0.0 0.0 0.0 0.0 0.0 0.0
0.227 0.003 0.059 0.032 0.121 0.194 0.217 0.109 0.038 0.0 0.0 0.0 0.0 0.0 0.0 0.0 0.0 0.0 0.0 0.0 0.0
0.015 0.183 0.131 0.147 0.088 0.227 0.098 0.04 0.071 0.0 0.0 0.0 0.0 0.0 0.0 0.0 0.0 0.0 0.0 0.0 0.0
0.13 0.042 0.079 0.099 0.179 0.188 0.082 0.176 0.025 0.0 0.0 0.0 0.0 0.0 0.0 0.0 0.0 0.0 0.0 0.0 0.0
0.089 0.089 0.129 0.026 0.095 0.1 0.173 0.141 0.158 0.0 0.0 0.0 0.0 0.0 0.0 0.0 0.0 0.0 0.0 0.0 0.0
0.013 0.102 0.042 0.182 0.118 0.127 0.2 0.2 0.016 0.0 0.0 0.0 0.0 0.0 0.0 0.0 0.0 0.0 0.0 0.0 0.0
0.019 0.105 0.056 0.167 0.127 0.0 0.181 0.204 0.141 0.0 0.0 0.0 0.0 0.0 0.0 0.0 0.0 0.0 0.0 0.0 0.0
0.125 0.177 0.086 0.074 0.119 0.031 0.103 0.146 0.139 0.0 0.0 0.0 0.0 0.0 0.0 0.0 0.0 0.0 0.0 0.0 0.0
0.03 0.043 0.141 0.022 0.166 0.137 0.143 0.183 0.135 0.0 0.0 0.0 0.0 0.0 0.0 0.0 0.0 0.0 0.0 0.0 0.0
0.088 0.015 0.177 0.111 0.193 0.199 0.04 0.066 0.111 0.0 0.0 0.0 0.0 0.0 0.0 0.0 0.0 0.0 0.0 0.0 0.0
0.065 0.12 0.004 0.086 0.056 0.167 0.179 0.155 0.168 0.0 0.0 0.0 0.0 0.0 0.0 0.0 0.0 0.0 0.0 0.0 0.0
0.093 0.082 0.201 0.01 0.056 0.072 0.145 0.264 0.077 0.0 0.0 0.0 0.0 0.0 0.0 0.0 0.0 0.0 0.0 0.0 0.0
0.061 0.22 0.016 0.189 0.073 0.02 0.117 0.128 0.176 0.0 0.0 0.0 0.0 0.0 0.0 0.0 0.0 0.0 0.0 0.0 0.0
0.038 0.069 0.108 0.167 0.138 0.162 0.014 0.151 0.153 0.0 0.0 0.0 0.0 0.0 0.0 0.0 0.0 0.0 0.0 0.0 0.0
0.14 0.018 0.051 0.115 0.071 0.155 0.308 0.012 0.13 0.0 0.0 0.0 0.0 0.0 0.0 0.0 0.0 0.0 0.0 0.0 0.0
0.009 0.182 0.045 0.159 0.088 0.134 0.163 0.012 0.208 0.0 0.0 0.0 0.0 0.0 0.0 0.0 0.0 0.0 0.0 0.0 0.0
0.099 0.133 0.036 0.176 0.14 0.052 0.017 0.187 0.16 0.0 0.0 0.0 0.0 0.0 0.0 0.0 0.0 0.0 0.0 0.0 0.0
0.134 0.112 0.042 0.177 0.16 0.037 0.216 0.078 0.044 0.0 0.0 0.0 0.0 0.0 0.0 0.0 0.0 0.0 0.0 0.0 0.0
0.032 0.164 0.207 0.058 0.165 0.152 0.01 0.054 0.158 0.0 0.0 0.0 0.0 0.0 0.0 0.0 0.0 0.0 0.0 0.0 0.0
0.116 0.102 0.112 0.047 0.046 0.002 0.199 0.194 0.182 0.0 0.0 0.0 0.0 0.0 0.0 0.0 0.0 0.0 0.0 0.0 0.0
0.05 0.188 0.037 0.056 0.175 0.069 0.163 0.192 0.07 0.0 0.0 0.0 0.0 0.0 0.0 0.0 0.0 0.0 0.0 0.0 0.0
0.088 0.083 0.203 0.173 0.115 0.108 0.083 0.02 0.127 0.0 0.0 0.0 0.0 0.0 0.0 0.0 0.0 0.0 0.0 0.0 0.0
0.043 0.177 0.166 0.148 0.12 0.067 0.142 0.109 0.028 0.0 0.0 0.0 0.0 0.0 0.0 0.0 0.0 0.0 0.0 0.0 0.0
0.164 0.023 0.135 0.161 0.163 0.066 0.118 0.061 0.109 0.0 0.0 0.0 0.0 0.0 0.0 0.0 0.0 0.0 0.0 0.0 0.0
0.253 0.133 0.119 0.069 0.174 0.008 0.115 0.052 0.077 0.0 0.0 0.0 0.0 0.0 0.0 0.0 0.0 0.0 0.0 0.0 0.0
0.13 0.018 0.164 0.03 0.189 0.161 0.038 0.066 0.204 0.0 0.0 0.0 0.0 0.0 0.0 0.0 0.0 0.0 0.0 0.0 0.0
0.169 0.234 0.038 0.194 0.007 0.118 0.087 0.095 0.058 0.0 0.0 0.0 0.0 0.0 0.0 0.0 0.0 0.0 0.0 0.0 0.0
0.067 0.154 0.108 0.173 0.097 0.054 0.073 0.053 0.221 0.0 0.0 0.0 0.0 0.0 0.0 0.0 0.0 0.0 0.0 0.0 0.0
0.03 0.187 0.04 0.114 0.231 0.071 0.152 0.155 0.02 0.0 0.0 0.0 0.0 0.0 0.0 0.0 0.0 0.0 0.0 0.0 0.0
0.068 0.108 0.267 0.082 0.014 0.14 0.008 0.255 0.058 0.0 0.0 0.0 0.0 0.0 0.0 0.0 0.0 0.0 0.0 0.0 0.0
0.191 0.152 0.037 0.059 0.103 0.168 0.117 0.13 0.043 0.0 0.0 0.0 0.0 0.0 0.0 0.0 0.0 0.0 0.0 0.0 0.0
0.208 0.164 0.127 0.022 0.046 0.139 0.153 0.125 0.016 0.0 0.0 0.0 0.0 0.0 0.0 0.0 0.0 0.0 0.0 0.0 0.0
0.092 0.157 0.236 0.138 0.057 0.078 0.058 0.02 0.164 0.0 0.0 0.0 0.0 0.0 0.0 0.0 0.0 0.0 0.0 0.0 0.0
0.176 0.127 0.053 0.179 0.128 0.029 0.182 0.026 0.1 0.0 0.0 0.0 0.0 0.0 0.0 0.0 0.0 0.0 0.0 0.0 0.0
0.084 0.152 0.101 0.047 0.161 0.192 0.099 0.14 0.024 0.0 0.0 0.0 0.0 0.0 0.0 0.0 0.0 0.0 0.0 0.0 0.0
0.041 0.055 0.125 0.1 0.157 0.187 0.123 0.114 0.098 0.0 0.0 0.0 0.0 0.0 0.0 0.0 0.0 0.0 0.0 0.0 0.0
0.144 0.17 0.063 0.165 0.153 0.141 0.019 0.064 0.081 0.0 0.0 0.0 0.0 0.0 0.0 0.0 0.0 0.0 0.0 0.0 0.0
0.154 0.124 0.202 0.015 0.102 0.145 0.091 0.025 0.142 0.0 0.0 0.0 0.0 0.0 0.0 0.0 0.0 0.0 0.0 0.0 0.0
0.096 0.002 0.197 0.006 0.19 0.095 0.129 0.2 0.085 0.0 0.0 0.0 0.0 0.0 0.0 0.0 0.0 0.0 0.0 0.0 0.0
0.167 0.184 0.113 0.16 0.121 0.039 0.043 0.168 0.005 0.0 0.0 0.0 0.0 0.0 0.0 0.0 0.0 0.0 0.0 0.0 0.0
0.017 0.022 0.181 0.275 0.071 0.012 0.262 0.11 0.05 0.0 0.0 0.0 0.0 0.0 0.0 0.0 0.0 0.0 0.0 0.0 0.0
0.133 0.12 0.15 0.201 0.246 0.082 0.041 0.025 0.002 0.0 0.0 0.0 0.0 0.0 0.0 0.0 0.0 0.0 0.0 0.0 0.0
0.128 0.107 0.081 0.036 0.075 0.186 0.063 0.142 0.182 0.0 0.0 0.0 0.0 0.0 0.0 0.0 0.0 0.0 0.0 0.0 0.0
0.095 0.192 0.118 0.018 0.07 0.175 0.075 0.158 0.099 0.0 0.0 0.0 0.0 0.0 0.0 0.0 0.0 0.0 0.0 0.0 0.0
0.047 0.166 0.081 0.151 0.125 0.093 0.112 0.083 0.142 0.0 0.0 0.0 0.0 0.0 0.0 0.0 0.0 0.0 0.0 0.0 0.0
0.066 0.165 0.233 0.025 0.089 0.03 0.338 0.044 0.01 0.0 0.0 0.0 0.0 0.0 0.0 0.0 0.0 0.0 0.0 0.0 0.0
0.162 0.16 0.161 0.084 0.104 0.13 0.026 0.161 0.012 0.0 0.0 0.0 0.0 0.0 0.0 0.0 0.0 0.0 0.0 0.0 0.0
0.076 0.06 0.043 0.228 0.091 0.182 0.107 0.067 0.146 0.0 0.0 0.0 0.0 0.0 0.0 0.0 0.0 0.0 0.0 0.0 0.0
0.093 0.03 0.047 0.239 0.077 0.09 0.14 0.089 0.195 0.0 0.0 0.0 0.0 0.0 0.0 0.0 0.0 0.0 0.0 0.0 0.0
0.144 0.167 0.143 0.164 0.053 0.057 0.099 0.079 0.094 0.0 0.0 0.0 0.0 0.0 0.0 0.0 0.0 0.0 0.0 0.0 0.0
0.153 0.093 0.141 0.091 0.141 0.151 0.093 0.033 0.104 0.0 0.0 0.0 0.0 0.0 0.0 0.0 0.0 0.0 0.0 0.0 0.0
0.039 0.026 0.19 0.11 0.134 0.174 0.058 0.086 0.183 0.0 0.0 0.0 0.0 0.0 0.0 0.0 0.0 0.0 0.0 0.0 0.0
0.151 0.063 0.131 0.173 0.074 0.15 0.014 0.147 0.097 0.0 0.0 0.0 0.0 0.0 0.0 0.0 0.0 0.0 0.0 0.0 0.0
0.104 0.117 0.214 0.098 0.186 0.099 0.072 0.098 0.012 0.0 0.0 0.0 0.0 0.0 0.0 0.0 0.0 0.0 0.0 0.0 0.0
0.087 0.017 0.195 0.015 0.072 0.143 0.161 0.159 0.151 0.0 0.0 0.0 0.0 0.0 0.0 0.0 0.0 0.0 0.0 0.0 0.0
0.157 0.12 0.155 0.05 0.106 0.077 0.143 0.036 0.156 0.0 0.0 0.0 0.0 0.0 0.0 0.0 0.0 0.0 0.0 0.0 0.0
0.093 0.139 0.01 0.107 0.009 0.035 0.215 0.189 0.203 0.0 0.0 0.0 0.0 0.0 0.0 0.0 0.0 0.0 0.0 0.0 0.0
0.081 0.127 0.21 0.061 0.154 0.121 0.051 0.015 0.18 0.0 0.0 0.0 0.0 0.0 0.0 0.0 0.0 0.0 0.0 0.0 0.0
