mega
0.927
21
115
66 76 80 65 69 89 53
1 1 7 1 3 1 3
0.185 0.085 0.043 0.244 0.026 0.117 0.089 0.127 0.084 0.0 0.0 0.0 0.0 0.0 0.0 0.0 0.0 0.0 0.0 0.0 0.0
0.011 0.104 0.109 0.13 0.146 0.204 0.058 0.044 0.194 0.0 0.0 0.0 0.0 0.0 0.0 0.0 0.0 0.0 0.0 0.0 0.0
0.008 0.161 0.11 0.247 0.137 0.044 0.104 0.147 0.042 0.0 0.0 0.0 0.0 0.0 0.0 0.0 0.0 0.0 0.0 0.0 0.0
0.107 0.209 0.021 0.028 0.069 0.198 0.028 0.168 0.172 0.0 0.0 0.0 0.0 0.0 0.0 0.0 0.0 0.0 0.0 0.0 0.0
0.053 0.06 0.127 0.212 0.003 0.06 0.167 0.116 0.202 0.0 0.0 0.0 0.0 0.0 0.0 0.0 0.0 0.0 0.0 0.0 0.0
0.151 0.126 0.081 0.093 0.126 0.055 0.127 0.103 0.138 0.0 0.0 0.0 0.0 0.0 0.0 0.0 0.0 0.0 0.0 0.0 0.0
0.159 0.057 0.133 0.088 0.157 0.126 0.02 0.107 0.153 0.0 0.0 0.0 0.0 0.0 0.0 0.0 0.0 0.0 0.0 0.0 0.0
0.006 0.073 0.002 0.283 0.045 0.211 0.041 0.281 0.058 0.0 0.0 0.0 0.0 0.0 0.0 0.0 0.0 0.0 0.0 0.0 0.0
0.034 0.098 0.178 0.03 0.152 0.072 0.178 0.062 0.196 0.0 0.0 0.0 0.0 0.0 0.0 0.0 0.0 0.0 0.0 0.0 0.0
0.11 0.001 0.114 0.091 0.13 0.181 0.147 0.084 0.142 0.0 0.0 0.0 0.0 0.0 0.0 0.0 0.0 0.0 0.0 0.0 0.0
0.221 0.022 0.06 0.052 0.187 0.036 0.183 0.077 0.162 0.0 0.0 0.0 0.0 0.0 0.0 0.0 0.0 0.0 0.0 0.0 0.0
0.087 0.164 0.05 0.123 0.083 0.104 0.134 0.11 0.145 0.0 0.0 0.0 0.0 0.0 0.0 0.0 0.0 0.0 0.0 0.0 0.0
0.188 0.108 0.086 0.035 0.184 0.019 0.22 0.098 0.062 0.0 0.0 0.0 0.0 0.0 0.0 0.0 0.0 0.0 0.0 0.0 0.0
0.023 0.082 0.151 0.127 0.21 0.118 0.056 0.11 0.123 0.0 0.0 0.0 0.0 0.0 0.0 0.0 0.0 0.0 0.0 0.0 0.0
0.101 0.101 0.001 0.196 0.141 0.158 0.0 0.173 0.129 0.0 0.0 0.0 0.0 0.0 0.0 0.0 0.0 0.0 0.0 0.0 0.0
0.228 0.002 0.126 0.127 0.141 0.257 0.044 0.017 0.058 0.0 0.0 0.0 0.0 0.0 0.0 0.0 0.0 0.0 0.0 0.0 0.0
0.038 0.154 0.152 0.125 0.044 0.141 0.048 0.142 0.156 0.0 0.0 0.0 0.0 0.0 0.0 0.0 0.0 0.0 0.0 0.0 0.0
0.132 0.232 0.121 0.042 0.001 0.022 0.045 0.122 0.283 0.0 0.0 0.0 0.0 0.0 0.0 0.0 0.0 0.0 0.0 0.0 0.0
0.201 0.075 0.188 0.179 0.02 0.045 0.019 0.103 0.17 0.0 0.0 0.0 0.0 0.0 0.0 0.0 0.0 0.0 0.0 0.0 0.0
0.149 0.17 0.162 0.088 0.056 0.12 0.131 0.046 0.078 0.0 0.0 0.0 0.0 0.0 0.0 0.0 0.0 0.0 0.0 0.0 0.0
0.073 0.099 0.127 0.053 0.169 0.137 0.177 0.098 0.067 0.0 0.0 0.0 0.0 0.0 0.0 0.0 0.0 0.0 0.0 0.0 0.0
0.018 0.052 0.139 0.131 0.007 0.285 0.212 0.134 0.022 0.0 0.0 0.0 0.0 0.0 0.0 0.0 0.0 0.0 0.0 0.0 0.0
0.18 0.01 0.125 0.188 0.108 0.042 0.214 0.112 0.021 0.0 0.0 0.0 0.0 0.0 0.0 0.0 0.0 0.0 0.0 0.0 0.0
0.073 0.177 0.056 0.144 0.133 0.111 0.111 0.043 0.152 0.0 0.0 0.0 0.0 0.0 0.0 0.0 0.0 0.0 0.0 0.0 0.0
0.15 0.023 0.277 0.007 0.003 0.1 0.291 0.108 0.041 0.0 0.0 0.0 0.0 0.0 0.0 0.0 0.0 0.0 0.0 0.0 0.0
0.149 0.15 0.034 0.083 0.118 0.126 0.061 0.16 0.119 0.0 0.0 0.0 0.0 0.0 0.0 0.0 0.0 0.0 0.0 0.0 0.0
0.198 0.029 0.095 0.163 0.114 0.022 0.19 0.057 0.132 0.0 0.0 0.0 0.0 0.0 0.0 0.0 0.0 0.0 0.0 0.0 0.0
0.072 0.09 0.162 0.18 0.046 0.072 0.226 0.086 0.066 0.0 0.0 0.0 0.0 0.0 0.0 0.0 0.0 0.0 0.0 0.0 0.0
0.173 0.144 0.063 0.085 0.03 0.107 0.134 0.251 0.013 0.0 0.0 0.0 0.0 0.0 0.0 0.0 0.0 0.0 0.0 0.0 0.0
0.107 0.167 0.088 0.079 0.145 0.16 0.076 0.171 0.007 0.0 0.0 0.0 0.0 0.0 0.0 0.0 0.0 0.0 0.0 0.0 0.0
0.207 0.095 0.196 0.017 0.023 0.088 0.264 0.052 0.058 0.0 0.0 0.0 0.0 0.0 0.0 0.0 0.0 0.0 0.0 0.0 0.0
0.04 0.217 0.091 0.083 0.023 0.083 0.186 0.099 0.178 0.0 0.0 0.0 0.0 0.0 0.0 0.0 0.0 0.0 0.0 0.0 0.0
0.214 0.074 0.215 0.158 0.177 0.024 0.035 0.097 0.006 0.0 0.0 0.0 0.0 0.0 0.0 0.0 0.0 0.0 0.0 0.0 0.0
0.044 0.071 0.171 0.171 0.057 0.174 0.185 0.027 0.1 0.0 0.0 0.0 0.0 0.0 0.0 0.0 0.0 0.0 0.0 0.0 0.0
0.006 0.048 0.194 0.069 0.097 0.199 0.157 0.18 0.05 0.0 0.0 0.0 0.0 0.0 0.0 0.0 0.0 0.0 0.0 0.0 0.0
0.155 0.119 0.032 0.052 0.265 0.025 0.191 0.107 0.054 0.0 0.0 0.0 0.0 0.0 0.0 0.0 0.0 0.0 0.0 0.0 0.0
0.037 0.179 0.157 0.194 0.034 0.04 0.15 0.093 0.116 0.0 0.0 0.0 0.0 0.0 0.0 0.0 0.0 0.0 0.0 0.0 0.0
0.146 0.077 0.101 0.054 0.106 0.11 0.149 0.109 0.148 0.0 0.0 0.0 0.0 0.0 0.0 0.0 0.0 0.0 0.0 0.0 0.0
0.01 0.153 0.146 0.143 0.149 0.156 0.036 0.156 0.051 0.0 0.0 0.0 0.0 0.0 0.0 0.0 0.0 0.0 0.0 0.0 0.0
0.141 0.05 0.28 0.034 0.129 0.007 0.246 0.056 0.057 0.0 0.0 0.0 0.0 0.0 0.0 0.0 0.0 0.0 0.0 0.0 0.0
0.081 0.103 0.186 0.016 0.283 0.006 0.129 0.072 0.124 0.0 0.0 0.0 0.0 0.0 0.0 0.0 0.0 0.0 0.0 0.0 0.0
0.023 0.056 0.184 0.093 0.137 0.247 0.195 0.044 0.021 0.0 0.0 0.0 0.0 0.0 0.0 0.0 0.0 0.0 0.0 0.0 0.0
0.142 0.144 0.144 0.1 0.11 0.025 0.132 0.13 0.073 0.0 0.0 0.0 0.0 0.0 0.0 0.0 0.0 0.0 0.0 0.0 0.0
0.037 0.023 0.037 0.114 0.232 0.11 0.142 0.225 0.08 0.0 0.0 0.0 0.0 0.0 0.0 0.0 0.0 0.0 0.0 0.0 0.0
0.129 0.232 0.151 0.134 0.021 0.03 0.148 0.03 0.125 0.0 0.0 0.0 0.0 0.0 0.0 0.0 0.0 0.0 0.0 0.0 0.0
0.206 0.053 0.131 0.065 0.056 0.144 0.205 0.038 0.102 0.0 0.0 0.0 0.0 0.0 0.0 0.0 0.0 0.0 0.0 0.0 0.0
0.137 0.101 0.148 0.151 0.076 0.12 0.139 0.049 0.079 0.0 0.0 0.0 0.0 0.0 0.0 0.0 0.0 0.0 0.0 0.0 0.0
0.024 0.208 0.078 0.125 0.178 0.019 0.075 0.137 0.156 0.0 0.0 0.0 0.0 0.0 0.0 0.0 0.0 0.0 0.0 0.0 0.0
0.086 0.16 0.102 0.081 0.145 0.046 0.138 0.123 0.119 0.0 0.0 0.0 0.0 0.0 0.0 0.0 0.0 0.0 0.0 0.0 0.0
0.125 0.239 0.237 0.007 0.072 0.032 0.058 0.074 0.156 0.0 0.0 0.0 0.0 0.0 0.0 0.0 0.0 0.0 0.0 0.0 0.0
0.171 0.167 0.092 0.167 0.042 0.097 0.006 0.002 0.256 0.0 0.0 0.0 0.0 0.0 0.0 0.0 0.0 0.0 0.0 0.0 0.0
0.13 0.082 0.094 0.064 0.078 0.132 0.172 0.168 0.08 0.0 0.0 0.0 0.0 0.0 0.0 0.0 0.0 0.0 0.0 0.0 0.0
0.13 0.146 0.116 0.117 0.187 0.138 0.021 0.089 0.056 0.0 0.0 0.0 0.0 0.0 0.0 0.0 0.0 0.0 0.0 0.0 0.0
0.105 0.026 0.083 0.073 0.147 0.151 0.148 0.154 0.113 0.0 0.0 0.0 0.0 0.0 0.0 0.0 0.0 0.0 0.0 0.0 0.0
0.24 0.131 0.265 0.03 0.008 0.217 0.0 0.023 0.086 0.0 0.0 0.0 0.0 0.0 0.0 0.0 0.0 0.0 0.0 0.0 0.0
0.055 0.181 0.171 0.171 0.069 0.045 0.147 0.005 0.156 0.0 0.0 0.0 0.0 0.0 0.0 0.0 0.0 0.0 0.0 0.0 0.0
0.187 0.023 0.157 0.082 0.172 0.103 0.032 0.172 0.072 0.0 0.0 0.0 0.0 0.0 0.0 0.0 0.0 0.0 0.0 0.0 0.0
0.067 0.108 0.203 0.106 0.083 0.143 0.028 0.218 0.044 0.0 0.0 0.0 0.0 0.0 0.0 0.0 0.0 0.0 0.0 0.0 0.0
0.125 0.225 0.154 0.022 0.024 0.048 0.03 0.217 0.155 0.0 0.0 0.0 0.0 0.0 0.0 0.0 0.0 0.0 0.0 0.0 0.0
0.119 0.173 0.008 0.16 0.024 0.13 0.158 0.165 0.063 0.0 0.0 0.0 0.0 0.0 0.0 0.0 0.0 0.0 0.0 0.0 0.0
0.015 0.098 0.149 0.116 0.167 0.224 0.187 0.011 0.033 0.0 0.0 0.0 0.0 0.0 0.0 0.0 0.0 0.0 0.0 0.0 0.0
0.167 0.087 0.059 0.112 0.22 0.071 0.039 0.083 0.162 0.0 0.0 0.0 0.0 0.0 0.0 0.0 0.0 0.0 0.0 0.0 0.0
0.27 0.032 0.247 0.003 0.172 0.037 0.093 0.061 0.085 0.0 0.0 0.0 0.0 0.0 0.0 0.0 0.0 0.0 0.0 0.0 0.0
0.171 0.124 0.045 0.089 0.121 0.065 0.128 0.227 0.03 0.0 0.0 0.0 0.0 0.0 0.0 0.0 0.0 0.0 0.0 0.0 0.0
0.246 0.007 0.007 0.165 0.107 0.019 0.141 0.124 0.184 0.0 0.0 0.0 0.0 0.0 0.0 0.0 0.0 0.0 0.0 0.0 0.0
0.029 0.019 0.06 0.023 0.101 0.207 0.13 0.236 0.195 0.0 0.0 0.0 0.0 0.0 0.0 0.0 0.0 0.0 0.0 0.0 0.0
0.171 0.192 0.004 0.204 0.194 0.154 0.017 0.051 0.013 0.0 0.0 0.0 0.0 0.0 0.0 0.0 0.0 0.0 0.0 0.0 0.0
0.187 0.14 0.021 0.003 0.08 0.146 0.007 0.199 0.217 0.0 0.0 0.0 0.0 0.0 0.0 0.0 0.0 0.0 0.0 0.0 0.0
0.086 0.012 0.287 0.197 0.132 0.016 0.078 0.158 0.034 0.0 0.0 0.0 0.0 0.0 0.0 0.0 0.0 0.0 0.0 0.0 0.0
0.096 0.166 0.115 0.16 0.012 0.022 0.155 0.177 0.097 0.0 0.0 0.0 0.0 0.0 0.0 0.0 0.0 0.0 0.0 0.0 0.0
0.021 0.09 0.063 0.103 0.215 0.137 0.008 0.104 0.259 0.0 0.0 0.0 0.0 0.0 0.0 0.0 0.0 0.0 0.0 0.0 0.0
0.017 0.082 0.109 0.159 0.07 0.29 0.055 0.034 0.184 0.0 0.0 0.0 0.0 0.0 0.0 0.0 0.0 0.0 0.0 0.0 0.0
0.069 0.192 0.122 0.122 0.184 0.132 0.165 0.004 0.01 0.0 0.0 0.0 0.0 0.0 0.0 0.0 0.0 0.0 0.0 0.0 0.0
0.045 0.127 0.183 0.202 0.153 0.06 0.052 0.108 0.07 0.0 0.0 0.0 0.0 0.0 0.0 0.0 0.0 0.0 0.0 0.0 0.0
0.076 0.178 0.038 0.031 0.207 0.084 0.1 0.143 0.143 0.0 0.0 0.0 0.0 0.0 0.0 0.0 0.0 0.0 0.0 0.0 0.0
0.128 0.15 0.152 0.14 0.166 0.071 0.094 0.072 0.027 0.0 0.0 0.0 0.0 0.0 0.0 0.0 0.0 0.0 0.0 0.0 0.0
0.176 0.186 0.102 0.012 0.029 0.22 0.155 0.109 0.011 0.0 0.0 0.0 0.0 0.0 0.0 0.0 0.0 0.0 0.0 0.0 0.0
0.176 0.026 0.118 0.116 0.095 0.13 0.113 0.046 0.18 0.0 0.0 0.0 0.0 0.0 0.0 0.0 0.0 0.0 0.0 0.0 0.0
0.185 0.103 0.024 0.111 0.096 0.188 0.05 0.148 0.095 0.0 0.0 0.0 0.0 0.0 0.0 0.0 0.0 0.0 0.0 0.0 0.0
0.15 0.011 0.147 0.16 0.091 0.138 0.083 0.059 0.161 0.0 0.0 0.0 0.0 0.0 0.0 0.0 0.0 0.0 0.0 0.0 0.0
0.017 0.154 0.199 0.023 0.133 0.077 0.132 0.088 0.177 0.0 0.0 0.0 0.0 0.0 0.0 0.0 0.0 0.0 0.0 0.0 0.0
0.113 0.115 0.205 0.073 0.055 0.156 0.052 0.17 0.061 0.0 0.0 0.0 0.0 0.0 0.0 0.0 0.0 0.0 0.0 0.0 0.0
0.186 0.026 0.222 0.009 0.007 0.125 0.102 0.14 0.183 0.0 0.0 0.0 0.0 0.0 0.0 0.0 0.0 0.0 0.0 0.0 0.0
0.072 0.164 0.087 0.156 0.054 0.124 0.234 0.091 0.018 0.0 0.0 0.0 0.0 0.0 0.0 0.0 0.0 0.0 0.0 0.0 0.0
0.022 0.038 0.016 0.206 0.101 0.237 0.195 0.127 0.058 0.0 0.0 0.0 0.0 0.0 0.0 0.0 0.0 0.0 0.0 0.0 0.0
0.139 0.085 0.129 0.154 0.16 0.141 0.07 0.071 0.051 0.0 0.0 0.0 0.0 0.0 0.0 0.0 0.0 0.0 0.0 0.0 0.0
0.0 0.021 0.089 0.097 0.183 0.165 0.11 0.181 0.154 0.0 0.0 0.0 0.0 0.0 0.0 0.0 0.0 0.0 0.0 0.0 0.0
0.088 0.156 0.038 0.055 0.145 0.122 0.063 0.133 0.2 0.0 0.0 0.0 0.0 0.0 0.0 0.0 0.0 0.0 0.0 0.0 0.0
0.154 0.03 0.024 0.17 0.088 0.162 0.175 0.165 0.032 0.0 0.0 0.0 0.0 0.0 0.0 0.0 0.0 0.0 0.0 0.0 0.0
0.039 0.17 0.024 0.14 0.21 0.148 0.168 0.075 0.026 0.0 0.0 0.0 0.0 0.0 0.0 0.0 0.0 0.0 0.0 0.0 0.0
0.17 0.005 0.133 0.065 0.047 0.152 0.142 0.171 0.115 0.0 0.0 0.0 0.0 0.0 0.0 0.0 0.0 0.0 0.0 0.0 0.0
0.171 0.068 0.032 0.133 0.101 0.132 0.137 0.024 0.202 0.0 0.0 0.0 0.0 0.0 0.0 0.0 0.0 0.0 0.0 0.0 0.0
0.168 0.149 0.122 0.062 0.152 0.212 0.036 0.061 0.038 0.0 0.0 0.0 0.0 0.0 0.0 0.0 0.0 0.0 0.0 0.0 0.0
0.094 0.096 0.084 0.077 0.145 0.308 0.074 0.08 0.042 0.0 0.0 0.0 0.0 0.0 0.0 0.0 0.0 0.0 0.0 0.0 0.0
0.142 0.076 0.211 0.23 0.132 0.008 0.035 0.121 0.045 0.0 0.0 0.0 0.0 0.0 0.0 0.0 0.0 0.0 0.0 0.0 0.0
0.172 0.107 0.106 0.177 0.068 0.102 0.039 0.101 0.128 0.0 0.0 0.0 0.0 0.0 0.0 0.0 0.0 0.0 0.0 0.0 0.0
0.099 0.028 0.15 0.043 0.135 0.067 0.137 0.181 0.16 0.0 0.0 0.0 0.0 0.0 0.0 0.0 0.0 0.0 0.0 0.0 0.0
0.018 0.077 0.053 0.075 0.161 0.234 0.036 0.124 0.222 0.0 0.0 0.0 0.0 0.0 0.0 0.0 0.0 0.0 0.0 0.0 0.0
0.089 0.18 0.226 0.188 0.0 0.049 0.189 0.052 0.027 0.0 0.0 0.0 0.0 0.0 0.0 0.0 0.0 0.0 0.0 0.0 0.0
0.163 0.042 0.187 0.161 0.098 0.015 0.258 0.055 0.021 0.0 0.0 0.0 0.0 0.0 0.0 0.0 0.0 0.0 0.0 0.0 0.0
0.02 0.189 0.16 0.081 0.042 0.122 0.18 0.092 0.114 0.0 0.0 0.0 0.0 0.0 0.0 0.0 0.0 0.0 0.0 0.0 0.0
0.152 0.063 0.197 0.08 0.087 0.21 0.037 0.128 0.046 0.0 0.0 0.0 0.0 0.0 0.0 0.0 0.0 0.0 0.0 0.0 0.0
0.259 0.141 0.088 0.169 0.103 0.013 0.004 0.094 0.129 0.0 0.0 0.0 0.0 0.0 0.0 0.0 0.0 0.0 0.0 0.0 0.0
0.161 0.086 0.164 0.058 0.097 0.039 0.131 0.105 0.159 0.0 0.0 0.0 0.0 0.0 0.0 0.0 0.0 0.0 0.0 0.0 0.0
0.087 0.078 0.122 0.164 0.112 0.176 0.021 0.143 0.097 0.0 0.0 0.0 0.0 0.0 0.0 0.0 0.0 0.0 0.0 0.0 0.0
0.227 0.02 0.06 0.091 0.127 0.118 0.133 0.1 0.124 0.0 0.0 0.0 0.0 0.0 0.0 0.0 0.0 0.0 0.0 0.0 0.0
0.122 0.067 0.146 0.143 0.119 0.034 0.145 0.158 0.066 0.0 0.0 0.0 0.0 0.0 0.0 0.0 0.0 0.0 0.0 0.0 0.0
0.18 0.062 0.088 0.207 0.127 0.086 0.185 0.03 0.035 0.0 0.0 0.0 0.0 0.0 0.0 0.0 0.0 0.0 0.0 0.0 0.0
0.124 0.108 0.012 0.137 0.192 0.03 0.038 0.171 0.188 0.0 0.0 0.0 0.0 0.0 0.0 0.0 0.0 0.0 0.0 0.0 0.0
0.182 0.192 0.039 0.004 0.023 0.228 0.04 0.206 0.086 0.0 0.0 0.0 0.0 0.0 0.0 0.0 0.0 0.0 0.0 0.0 0.0
0.053 0.148 0.128 0.009 0.16 0.147 0.137 0.054 0.164 0.0 0.0 0.0 0.0 0.0 0.0 0.0 0.0 0.0 0.0 0.0 0.0
0.092 0.142 0.015 0.169 0.032 0.105 0.121 0.126 0.198 0.0 0.0 0.0 0.0 0.0 0.0 0.0 0.0 0.0 0.0 0.0 0.0
0.145 0.039 0.003 0.134 0.151 0.179 0.017 0.163 0.169 0.0 0.0 0.0 0.0 0.0 0.0 0.0 0.0 0.0 0.0 0.0 0.0
0.165 0.083 0.035 0.024 0.17 0.139 0.151 0.143 0.09 0.0 0.0 0.0 0.0 0.0 0.0 0.0 0.0 0.0 0.0 0.0 0.0
0.084 0.008 0.048 0.243 0.018 0.226 0.224 0.02 0.129 0.0 0.0 0.0 0.0 0.0 0.0 0.0 0.0 0.0 0.0 0.0 0.0
0.129 0.107 0.137 0.108 0.042 0.094 0.142 0.134 0.107 0.0 0.0 0.0 0.0 0.0 0.0 0.0 0.0 0.0 0.0 0.0 0.0
0.101 0.105 0.058 0.172 0.173 0.077 0.061 0.183 0.07 0.0 0.0 0.0 0.0 0.0 0.0 0.0 0.0 0.0 0.0 0.0 0.0
0.161 0.026 0.166 0.123 0.192 0.121 0.043 0.101 0.067 0.0 0.0 0.0 0.0 0.0 0.0 0.0 0.0 0.0 0.0 0.0 0.0
0.017 0.006 0.141 0.095 0.121 0.196 0.048 0.198 0.178 0.0 0.0 0.0 0.0 0.0 0.0 0.0 0.0 0.0 0.0 0.0 0.0
0.044 0.173 0.172 0.163 0.157 0.085 0.048 0.104 0.054 0.0 0.0 0.0 0.0 0.0 0.0 0.0 0.0 0.0 0.0 0.0 0.0
0.08 0.083 0.188 0.092 0.072 0.202 0.06 0.075 0.148 0.0 0.0 0.0 0.0 0.0 0.0 0.0 0.0 0.0 0.0 0.0 0.0
0.213 0.154 0.101 0.178 0.056 0.183 0.066 0.028 0.021 0.0 0.0 0.0 0.0 0.0 0.0 0.0 0.0 0.0 0.0 0.0 0.0
0.031 0.025 0.158 0.087 0.117 0.027 0.185 0.217 0.153 0.0 0.0 0.0 0.0 0.0 0.0 0.0 0.0 0.0 0.0 0.0 0.0
0.181 0.175 0.103 0.103 0.181 0.014 0.047 0.019 0.177 0.0 0.0 0.0 0.0 0.0 0.0 0.0 0.0 0.0 0.0 0.0 0.0
0.076 0.105 0.109 0.142 0.126 0.18 0.049 0.064 0.149 0.0 0.0 0.0 0.0 0.0 0.0 0.0 0.0 0.0 0.0 0.0 0.0
0.181 0.08 0.188 0.024 0.151 0.186 0.035 0.001 0.154 0.0 0.0 0.0 0.0 0.0 0.0 0.0 0.0 0.0 0.0 0.0 0.0
0.106 0.066 0.128 0.206 0.013 0.171 0.101 0.121 0.088 0.0 0.0 0.0 0.0 0.0 0.0 0.0 0.0 0.0 0.0 0.0 0.0
0.026 0.098 0.166 0.135 0.084 0.101 0.154 0.091 0.145 0.0 0.0 0.0 0.0 0.0 0.0 0.0 0.0 0.0 0.0 0.0 0.0
0.196 0.031 0.05 0.233 0.093 0.007 0.16 0.063 0.167 0.0 0.0 0.0 0.0 0.0 0.0 0.0 0.0 0.0 0.0 0.0 0.0
0.227 0.091 0.006 0.239 0.177 0.079 0.079 0.013 0.089 0.0 0.0 0.0 0.0 0.0 0.0 0.0 0.0 0.0 0.0 0.0 0.0
0.098 0.13 0.11 0.085 0.163 0.109 0.092 0.1 0.113 0.0 0.0 0.0 0.0 0.0 0.0 0.0 0.0 0.0 0.0 0.0 0.0
0.216 0.128 0.125 0.067 0.123 0.047 0.13 0.096 0.068 0.0 0.0 0.0 0.0 0.0 0.0 0.0 0.0 0.0 0.0 0.0 0.0
0.068 0.156 0.156 0.056 0.159 0.083 0.107 0.046 0.169 0.0 0.0 0.0 0.0 0.0 0.0 0.0 0.0 0.0 0.0 0.0 0.0
0.108 0.005 0.012 0.115 0.181 0.214 0.205 0.119 0.041 0.0 0.0 0.0 0.0 0.0 0.0 0.0 0.0 0.0 0.0 0.0 0.0
0.034 0.001 0.021 0.145 0.234 0.089 0.213 0.067 0.196 0.0 0.0 0.0 0.0 0.0 0.0 0.0 0.0 0.0 0.0 0.0 0.0
0.093 0.075 0.094 0.127 0.161 0.003 0.09 0.121 0.236 0.0 0.0 0.0 0.0 0.0 0.0 0.0 0.0 0.0 0.0 0.0 0.0
0.052 0.174 0.107 0.116 0.13 0.099 0.051 0.14 0.131 0.0 0.0 0.0 0.0 0.0 0.0 0.0 0.0 0.0 0.0 0.0 0.0
0.196 0.018 0.106 0.049 0.003 0.237 0.18 0.122 0.089 0.0 0.0 0.0 0.0 0.0 0.0 0.0 0.0 0.0 0.0 0.0 0.0
0.149 0.157 0.106 0.003 0.068 0.067 0.13 0.162 0.158 0.0 0.0 0.0 0.0 0.0 0.0 0.0 0.0 0.0 0.0 0.0 0.0
0.158 0.119 0.09 0.132 0.01 0.13 0.147 0.149 0.065 0.0 0.0 0.0 0.0 0.0 0.0 0.0 0.0 0.0 0.0 0.0 0.0
0.069 0.081 0.125 0.174 0.163 0.17 0.075 0.106 0.037 0.0 0.0 0.0 0.0 0.0 0.0 0.0 0.0 0.0 0.0 0.0 0.0
0.113 0.119 0.022 0.131 0.143 0.179 0.013 0.179 0.101 0.0 0.0 0.0 0.0 0.0 0.0 0.0 0.0 0.0 0.0 0.0 0.0
0.181 0.001 0.139 0.135 0.055 0.243 0.021 0.222 0.003 0.0 0.0 0.0 0.0 0.0 0.0 0.0 0.0 0.0 0.0 0.0 0.0
0.024 0.247 0.064 0.011 0.054 0.207 0.217 0.104 0.072 0.0 0.0 0.0 0.0 0.0 0.0 0.0 0.0 0.0 0.0 0.0 0.0
0.223 0.22 0.247 0.02 0.002 0.06 0.016 0.139 0.073 0.0 0.0 0.0 0.0 0.0 0.0 0.0 0.0 0.0 0.0 0.0 0.0
0.095 0.133 0.028 0.177 0.197 0.008 0.131 0.175 0.056 0.0 0.0 0.0 0.0 0.0 0.0 0.0 0.0 0.0 0.0 0.0 0.0
0.111 0.171 0.077 0.109 0.003 0.147 0.166 0.137 0.079 0.0 0.0 0.0 0.0 0.0 0.0 0.0 0.0 0.0 0.0 0.0 0.0
