small
0.906
16
92
85 77
4 4
0.214 0.137 0.21 0.094 0.113 0.232 0.0 0.0 0.0
0.269 0.072 0.093 0.347 0.055 0.164 0.0 0.0 0.0
0.033 0.291 0.061 0.136 0.472 0.007 0.0 0.0 0.0
0.218 0.139 0.225 0.162 0.179 0.077 0.0 0.0 0.0
0.094 0.194 0.023 0.103 0.258 0.328 0.0 0.0 0.0
0.069 0.352 0.05 0.295 0.083 0.151 0.0 0.0 0.0
0.008 0.215 0.335 0.283 0.028 0.131 0.0 0.0 0.0
0.189 0.118 0.219 0.298 0.02 0.156 0.0 0.0 0.0
0.171 0.058 0.005 0.323 0.11 0.333 0.0 0.0 0.0
0.065 0.205 0.074 0.255 0.314 0.087 0.0 0.0 0.0
0.252 0.255 0.136 0.107 0.188 0.062 0.0 0.0 0.0
0.295 0.352 0.234 0.078 0.011 0.03 0.0 0.0 0.0
0.231 0.301 0.335 0.11 0.021 0.002 0.0 0.0 0.0
0.069 0.297 0.065 0.022 0.49 0.057 0.0 0.0 0.0
0.115 0.169 0.29 0.095 0.157 0.174 0.0 0.0 0.0
0.306 0.024 0.16 0.339 0.119 0.052 0.0 0.0 0.0
0.252 0.01 0.295 0.122 0.172 0.149 0.0 0.0 0.0
0.2 0.087 0.148 0.275 0.067 0.223 0.0 0.0 0.0
