small
0.99
15
119
77 68
1 6
0.078 0.066 0.244 0.203 0.221 0.188 0.0 0.0 0.0
0.23 0.151 0.199 0.136 0.077 0.207 0.0 0.0 0.0
0.277 0.297 0.166 0.101 0.129 0.03 0.0 0.0 0.0
0.05 0.238 0.246 0.196 0.26 0.01 0.0 0.0 0.0
0.023 0.145 0.334 0.011 0.34 0.147 0.0 0.0 0.0
0.286 0.26 0.051 0.056 0.253 0.094 0.0 0.0 0.0
0.292 0.249 0.253 0.067 0.117 0.022 0.0 0.0 0.0
0.124 0.008 0.261 0.094 0.302 0.211 0.0 0.0 0.0
0.159 0.204 0.011 0.216 0.103 0.307 0.0 0.0 0.0
0.327 0.216 0.167 0.066 0.197 0.027 0.0 0.0 0.0
0.237 0.261 0.053 0.058 0.145 0.246 0.0 0.0 0.0
0.037 0.158 0.223 0.177 0.383 0.022 0.0 0.0 0.0
0.071 0.12 0.266 0.249 0.268 0.026 0.0 0.0 0.0
0.151 0.222 0.02 0.133 0.246 0.228 0.0 0.0 0.0
0.002 0.11 0.193 0.242 0.213 0.24 0.0 0.0 0.0
0.206 0.105 0.154 0.232 0.244 0.059 0.0 0.0 0.0
0.031 0.189 0.263 0.118 0.128 0.271 0.0 0.0 0.0
0.124 0.132 0.2 0.179 0.24 0.125 0.0 0.0 0.0
