small
0.935
19
97
52 64
5 3
0.04 0.107 0.283 0.21 0.146 0.214 0.0 0.0 0.0
0.288 0.143 0.045 0.055 0.206 0.263 0.0 0.0 0.0
0.187 0.036 0.167 0.336 0.274 0.0 0.0 0.0 0.0
0.164 0.191 0.113 0.14 0.193 0.199 0.0 0.0 0.0
0.254 0.001 0.21 0.196 0.233 0.106 0.0 0.0 0.0
0.316 0.01 0.289 0.087 0.182 0.116 0.0 0.0 0.0
0.212 0.217 0.094 0.212 0.067 0.198 0.0 0.0 0.0
0.206 0.192 0.015 0.307 0.214 0.066 0.0 0.0 0.0
0.15 0.127 0.185 0.211 0.176 0.151 0.0 0.0 0.0
0.116 0.226 0.179 0.261 0.199 0.019 0.0 0.0 0.0
0.088 0.153 0.283 0.153 0.085 0.238 0.0 0.0 0.0
0.269 0.329 0.09 0.208 0.051 0.053 0.0 0.0 0.0
0.124 0.315 0.097 0.217 0.149 0.098 0.0 0.0 0.0
0.249 0.021 0.236 0.281 0.099 0.114 0.0 0.0 0.0
0.062 0.245 0.177 0.165 0.223 0.128 0.0 0.0 0.0
0.081 0.184 0.203 0.015 0.221 0.296 0.0 0.0 0.0
0.351 0.015 0.099 0.044 0.385 0.106 0.0 0.0 0.0
0.215 0.246 0.077 0.211 0.092 0.159 0.0 0.0 0.0
